 ntimeOH                  H2                  H2O                 H                   CO                  CO2                 O                   CH4                 C2H2                NH3                 N2                  HCN                 
           0   0.00000000       0.0000000000000000       0.69999999999999996        0.0000000000000000        0.0000000000000000       0.10000000000000001        0.0000000000000000       0.10000000000000001        0.0000000000000000        0.0000000000000000        5.0000000000000003E-002   5.0000000000000003E-002   0.0000000000000000     
           1   30.000000000000000        3.7562669137662292E-003  0.67690755467424879        9.7441957927625805E-002   4.2064891208247093E-002  0.10062616409720793        1.6263893725082534E-003   1.2299445268266086E-004   3.2795196984644871E-005   1.1836833979875108E-006   6.2705396288688169E-004   7.6480357736775806E-002   3.1239077366807970E-004
           2   60.000000000000000        3.7082620501813607E-003  0.67746188606212032        9.7487241444207368E-002   4.1542006355314534E-002  0.10059987567046791        1.6253890444975229E-003   1.1981513682516860E-004   3.4594075444437523E-005   1.2477046321460001E-006   6.4414832098860450E-004   7.6454860018268858E-002   3.2067411705203534E-004
           3   90.000000000000000        3.7078812247365368E-003  0.67749084077727539        9.7476621210236147E-002   4.1544041257035404E-002  0.10058890281189416        1.6249652552303762E-003   1.1980358027409422E-004   3.4594685303667500E-005   1.2477264600489655E-006   6.4411808349625912E-004   7.6446324367178811E-002   3.2065902087914823E-004
           4   120.00000000000000        3.7076269804930569E-003  0.67751017849192474        9.7469528383865384E-002   4.1545401381646606E-002  0.10058157378247103        1.6246822537796485E-003   1.1979586818124203E-004   3.4595088735101823E-005   1.2477408897852001E-006   6.4409785174954551E-004   7.6440623258333604E-002   3.2064891793049695E-004
           5   150.00000000000000        3.7074574176562524E-003  0.67752309142432354        9.7464798252443557E-002   4.1546309372829458E-002  0.10057667621261379        1.6244933411467344E-003   1.1979072442229512E-004   3.4595355541716338E-005   1.2477503090797407E-006   6.4408433775284138E-004   7.6436813672979581E-002   3.2064213798104407E-004
           6   180.00000000000000        3.7073419532112238E-003  0.67753176637278900        9.7461581362978680E-002   4.1546918683510153E-002  0.10057340972703947        1.6243661675860866E-003   1.1978721670868074E-004   3.4595559116127322E-005   1.2477583103448717E-006   6.4407535410911912E-004   7.6434272009623411E-002   3.2063783501755529E-004
           7   210.00000000000000        3.7072662749181250E-003  0.67753752527562017        9.7459470506423854E-002   4.1547323563335202E-002  0.10057122632422075        1.6242819169035355E-003   1.1978492064802940E-004   3.4595679074835836E-005   1.2477625730117172E-006   6.4406933145380954E-004   7.6432573624465497E-002   3.2063482036332196E-004
           8   240.00000000000000        3.7072154921971058E-003  0.67754137852886354        9.7458054592525462E-002   4.1547594337005479E-002  0.10056976760964527        1.6242255230342166E-003   1.1978337924569525E-004   3.4595761783603446E-005   1.2477655859408998E-006   6.4406531253766771E-004   7.6431438870260035E-002   3.2063282731608858E-004
           9   270.00000000000000        3.7071812773601946E-003  0.67754395892268260        9.7457101082117484E-002   4.1547775610088829E-002  0.10056879395689665        1.6241877216984744E-003   1.1978234016002853E-004   3.4595820343340299E-005   1.2477678258337858E-006   6.4406263290318791E-004   7.6430681341755666E-002   3.2063152616751617E-004
          10   300.00000000000000        3.7071588251008088E-003  0.67754567341769123        9.7456474734406842E-002   4.1547896137798260E-002  0.10056814269752877        1.6241626555413488E-003   1.1978165908485498E-004   3.4595854927278415E-005   1.2477690122152277E-006   6.4406083628529395E-004   7.6430174796523934E-002   3.2063061609943527E-004
          11   330.00000000000000        3.7071437931617854E-003  0.67754682034293900        9.7456055440942463E-002   4.1547976752829605E-002  0.10056770721461819        1.6241458855389029E-003   1.1978120303832278E-004   3.4595878272420763E-005   1.2477698194407405E-006   6.4405963538926149E-004   7.6429836074122223E-002   3.2063000932842993E-004
          12   360.00000000000000        3.7071327289664459E-003  0.67754760823818794        9.7455748474760115E-002   4.1548031932510998E-002  0.10056741944056539        1.6241342336992355E-003   1.1978086533553120E-004   3.4595905611385853E-005   1.2477711652027632E-006   6.4405885226043842E-004   7.6429611845035189E-002   3.2062971190225872E-004
          13   390.00000000000000        3.7071264180241646E-003  0.67754810877552030        9.7455571897090226E-002   4.1548067175460057E-002  0.10056722553617260        1.6241269596557271E-003   1.1978067453884180E-004   3.4595911995401463E-005   1.2477712504287711E-006   6.4405831421247774E-004   7.6429461159298440E-002   3.2062940678145440E-004
          14   420.00000000000000        3.7071222028207660E-003  0.67754844471365316        9.7455453913317891E-002   4.1548090833015174E-002  0.10056709507999047        1.6241220813358131E-003   1.1978054715609258E-004   3.4595915970531909E-005   1.2477712857899875E-006   6.4405795198174600E-004   7.6429359790773477E-002   3.2062919869895476E-004
          15   450.00000000000000        3.7071198829456559E-003  0.67754866007127756        9.7455388105514393E-002   4.1548106094460718E-002  0.10056700554206904        1.6241190224031430E-003   1.1978047812452545E-004   3.4595912680164778E-005   1.2477708987581572E-006   6.4405769831550098E-004   7.6429290417851278E-002   3.2062900345945918E-004
          16   480.00000000000000        3.7071169257973514E-003  0.67754883577557090        9.7455307070698619E-002   4.1548118273708273E-002  0.10056694893159328        1.6241163365286586E-003   1.1978038662640210E-004   3.4595926264849323E-005   1.2477717238608698E-006   6.4405755126202557E-004   7.6429246033854245E-002   3.2062901637127669E-004
          17   510.00000000000000        3.7071162323049430E-003  0.67754892334335692        9.7455286739155378E-002   4.1548124538988422E-002  0.10056690866236884        1.6241151374627571E-003   1.1978036680073284E-004   3.4595921117989991E-005   1.2477712989092429E-006   6.4405743417553544E-004   7.6429214956382704E-002   3.2062889658662818E-004
          18   540.00000000000000        3.7071145107842552E-003  0.67754901028295689        9.7455240010332844E-002   4.1548130497904914E-002  0.10056688463940255        1.6241137623570045E-003   1.1978031298634213E-004   3.4595931790856079E-005   1.2477719840794902E-006   6.4405737599164815E-004   7.6429195958739635E-002   3.2062894476907270E-004
          19   570.00000000000000        3.7071133591816807E-003  0.67754906537931248        9.7455208844715924E-002   4.1548134256544182E-002  0.10056687034982606        1.6241128801359683E-003   1.1978027687268927E-004   3.4595939486059129E-005   1.2477724833564952E-006   6.4405734259358920E-004   7.6429184613728343E-002   3.2062898511961641E-004
          20   600.00000000000000        3.7071135729136117E-003  0.67754907966352285        9.7455213929056178E-002   4.1548135360298478E-002  0.10056685873116554        1.6241127429912894E-003   1.1978028443538151E-004   3.4595933654757744E-005   1.2477720637840877E-006   6.4405730514977867E-004   7.6429175792039575E-002   3.2062891270875498E-004
          21   630.00000000000000        3.7071126935336830E-003  0.67754911255862282        9.7455190443393958E-002   4.1548137534314439E-002  0.10056685314560065        1.6241121825421366E-003   1.1978025647398105E-004   3.4595941227747560E-005   1.2477725683167189E-006   6.4405729660373036E-004   7.6429171207204119E-002   3.2062896791447442E-004
          22   660.00000000000000        3.7071122699362988E-003  0.67754912886513419        9.7455179112512197E-002   4.1548138617407651E-002  0.10056685018875001        1.6241119068712644E-003   1.1978024302689473E-004   3.4595944788595777E-005   1.2477728051347109E-006   6.4405729160749582E-004   7.6429168793881244E-002   3.2062899327892406E-004
          23   690.00000000000000        3.7071117333907734E-003  0.67754914401365929        9.7455164943877973E-002   4.1548139573425916E-002  0.10056684963968342        1.6241116255690787E-003   1.1978022576871525E-004   3.4595950312737414E-005   1.2477731789704654E-006   6.4405729540484530E-004   7.6429168185694465E-002   3.2062904003380820E-004
          24   720.00000000000000        3.7071121614199501E-003  0.67754913619607027        9.7455176191742238E-002   4.1548139095946790E-002  0.10056684757011004        1.6241117983335320E-003   1.1978023960422757E-004   3.4595945202353103E-005   1.2477728249634253E-006   6.4405728558785812E-004   7.6429166751614944E-002   3.2062899154277529E-004
          25   750.00000000000000        3.7071118396612107E-003  0.67754914530174215        9.7455167686990793E-002   4.1548139673984720E-002  0.10056684723041918        1.6241116292874814E-003   1.1978022926460209E-004   3.4595948504060474E-005   1.2477730487225712E-006   6.4405728773934533E-004   7.6429166379846217E-002   3.2062901951152804E-004
          26   780.00000000000000        3.7071113362648548E-003  0.67754915632290025        9.7455154456016449E-002   4.1548140348679929E-002  0.10056684858352720        1.6241114042243802E-003   1.1978021299612383E-004   3.4595954232979881E-005   1.2477734415398053E-006   6.4405729663398990E-004   7.6429167239298545E-002   3.2062907178364279E-004
          27   810.00000000000000        3.7071104884040529E-003  0.67754917237502643        9.7455132219080379E-002   4.1548141310750394E-002  0.10056685233264620        1.6241110557100801E-003   1.1978018553676351E-004   3.4595964310472758E-005   1.2477741362341683E-006   6.4405731579424564E-004   7.6429169812169739E-002   3.2062916643507163E-004
          28   840.00000000000000        3.7071100759328806E-003  0.67754917654438074        9.7455121496758168E-002   4.1548141514829710E-002  0.10056685627852553        1.6241109307503737E-003   1.1978017206070480E-004   3.4595969858972975E-005   1.2477745225944219E-006   6.4405733149574564E-004   7.6429172688775873E-002   3.2062922210869516E-004
          29   870.00000000000000        3.7071088494181649E-003  0.67754919707707051        9.7455089400572043E-002   4.1548142711122026E-002  0.10056686326825758        1.6241104595238799E-003   1.1978013224983493E-004   3.4595984915028952E-005   1.2477755632929130E-006   6.4405736394187920E-004   7.6429177611222796E-002   3.2062936614317856E-004
          30   900.00000000000000        3.7071086653176124E-003  0.67754919261813917        9.7455084797248626E-002   4.1548142336892482E-002  0.10056686870846407        1.6241104813536386E-003   1.1978012601076925E-004   3.4595988528732697E-005   1.2477758200666455E-006   6.4405738222723117E-004   7.6429181712261970E-002   3.2062940773575017E-004
          31   930.00000000000000        3.7071093262688050E-003  0.67754917217190880        9.7455102367643306E-002   4.1548141000036697E-002  0.10056687040155661        1.6241108505212231E-003   1.1978014712723742E-004   3.4595982106467694E-005   1.2477753844771686E-006   6.4405738152587672E-004   7.6429183240943097E-002   3.2062935497761903E-004
          32   960.00000000000000        3.7071087159634111E-003  0.67754918231346406        9.7455086405027452E-002   4.1548141587173640E-002  0.10056687392190852        1.6241106170431421E-003   1.1978012730750558E-004   3.4595989617728235E-005   1.2477759034435756E-006   6.4405739787655469E-004   7.6429185721855947E-002   3.2062942685838291E-004
          33   990.00000000000000        3.7071082364272161E-003  0.67754918798629304        9.7455073891325655E-002   4.1548141895524443E-002  0.10056687803687298        1.6241104613563997E-003   1.1978011169932960E-004   3.4595995896874546E-005   1.2477763411905784E-006   6.4405741436509439E-004   7.6429188704541406E-002   3.2062948935659589E-004
          34   1020.0000000000000        3.7071083426005566E-003  0.67754918082637294        9.7455076830596385E-002   4.1548141393325085E-002  0.10056688056337315        1.6241105683044497E-003   1.1978011494784877E-004   3.4595995567316646E-005   1.2477763230184904E-006   6.4405742122725356E-004   7.6429190676204253E-002   3.2062949115755951E-004
          35   1050.0000000000000        3.7071092471768481E-003  0.67754915889128375        9.7455100698676758E-002   4.1548140010746547E-002  0.10056687936188489        1.6241109992470595E-003   1.1978014406746204E-004   3.4595985685821501E-005   1.2477756461171863E-006   6.4405740942366789E-004   7.6429190073236841E-002   3.2062940292428357E-004
          36   1080.0000000000000        3.7071083691719770E-003  0.67754917818467253        9.7455077629040154E-002   4.1548141188735635E-002  0.10056688167708280        1.6241106059288676E-003   1.1978011568359151E-004   3.4595995673992205E-005   1.2477763304612963E-006   6.4405742492691404E-004   7.6429191538829780E-002   3.2062949392319689E-004
          37   1110.0000000000000        3.7071085033738732E-003  0.67754917289533168        9.7455081221238374E-002   4.1548140837014601E-002  0.10056688268613725        1.6241106947681809E-003   1.1978011994086743E-004   3.4595994566999243E-005   1.2477762570619692E-006   6.4405742671500346E-004   7.6429192358444170E-002   3.2062948621203912E-004
          38   1140.0000000000000        3.7071075922750197E-003  0.67754919036121397        9.7455057313463489E-002   4.1548141889356065E-002  0.10056688659099215        1.6241103175350722E-003   1.1978009044854172E-004   3.4596005351492692E-005   1.2477770005821672E-006   6.4405744684436041E-004   7.6429195028179381E-002   3.2062958733968585E-004
          39   1170.0000000000000        3.7071079231165032E-003  0.67754917904588363        9.7455066144416749E-002   4.1548141138545713E-002  0.10056688806619048        1.6241105156519478E-003   1.1978010097418242E-004   3.4596002335920999E-005   1.2477767970546317E-006   6.4405744848000169E-004   7.6429196273804623E-002   3.2062956380314627E-004
          40   1200.0000000000000        3.7071080183045716E-003  0.67754917505026047        9.7455068706869569E-002   4.1548140867914488E-002  0.10056688892143059        1.6241105817452047E-003   1.1978010397595212E-004   3.4596001601772167E-005   1.2477767483786742E-006   6.4405745027432560E-004   7.6429196961882148E-002   3.2062955899260840E-004
          41   1230.0000000000000        3.7071069641852147E-003  0.67754919569188021        9.7455041037368642E-002   4.1548142115807013E-002  0.10056689318537514        1.6241101400088337E-003   1.1978006986483902E-004   3.4596014004646373E-005   1.2477776028885496E-006   6.4405747283429382E-004   7.6429199856216920E-002   3.2062967485136951E-004
          42   1260.0000000000000        3.7071067172304460E-003  0.67754919593342455        9.7455034697902093E-002   4.1548142065537343E-002  0.10056689685554940        1.6241100930528712E-003   1.1978006169787609E-004   3.4596017746800041E-005   1.2477778645628330E-006   6.4405748644062342E-004   7.6429202579370109E-002   3.2062971418334106E-004
          43   1290.0000000000000        3.7071059705402897E-003  0.67754920676042685        9.7455015177725285E-002   4.1548142682847011E-002  0.10056690209509948        1.6241098264083767E-003   1.1978003743723525E-004   3.4596027186909434E-005   1.2477785199786801E-006   6.4405750882922622E-004   7.6429206328723756E-002   3.2062980625571942E-004
          44   1320.0000000000000        3.7071062105276491E-003  0.67754919551520876        9.7455021657771479E-002   4.1548141920335784E-002  0.10056690493784919        1.6241100072641229E-003   1.1978004498116726E-004   3.4596025533219133E-005   1.2477784126380333E-006   6.4405751527220800E-004   7.6429208589636824E-002   3.2062979720705147E-004
          45   1350.0000000000000        3.7071063690053900E-003  0.67754918845132606        9.7455025900910985E-002   4.1548141454357382E-002  0.10056690661298212        1.6241101219620271E-003   1.1978005000713450E-004   3.4596024351789931E-005   1.2477783364837379E-006   6.4405751857094982E-004   7.6429209927959832E-002   3.2062979022984316E-004
          46   1380.0000000000000        3.7071065352887091E-003  0.67754918282495458        9.7455030338828713E-002   4.1548141080971338E-002  0.10056690731872463        1.6241102208049780E-003   1.1978005529811432E-004   3.4596022826342303E-005   1.2477782334002845E-006   6.4405751929848048E-004   7.6429210526529498E-002   3.2062977824125687E-004
          47   1410.0000000000000        3.7071052027832598E-003  0.67754920935685892        9.7454995342450890E-002   4.1548142693672921E-002  0.10056691245490795        1.6241096569314781E-003   1.1978001220249458E-004   3.4596038419029330E-005   1.2477793075913268E-006   6.4405754695248489E-004   7.6429213991990499E-002   3.2062992352261354E-004
          48   1440.0000000000000        3.7071062370538613E-003  0.67754918201098058        9.7455022635662913E-002   4.1548140972632111E-002  0.10056691242162173        1.6241101767905776E-003   1.1978004549343356E-004   3.4596027469408847E-005   1.2477785628046820E-006   6.4405753674207881E-004   7.6429214328452399E-002   3.2062982853797614E-004
          49   1470.0000000000000        3.7071065754693371E-003  0.67754917457430053        9.7455031552095936E-002   4.1548140508109781E-002  0.10056691152098997        1.6241103286661620E-003   1.1978005640345852E-004   3.4596023642872604E-005   1.2477782994553248E-006   6.4405753106512803E-004   7.6429213757452402E-002   3.2062979350512165E-004
          50   1500.0000000000000        3.7071064743134392E-003  0.67754917769491718        9.7455028889671766E-002   4.1548140700819768E-002  0.10056691125808506        1.6241102725702285E-003   1.1978005313890939E-004   3.4596024652419875E-005   1.2477783666934509E-006   6.4405753150715997E-004   7.6429213520310887E-002   3.2062980164636838E-004
          51   1530.0000000000000        3.7071065383550818E-003  0.67754917683899263        9.7455030597362949E-002   4.1548140638050589E-002  0.10056691075420116        1.6241102949434783E-003   1.1978005517850975E-004   3.4596023863403169E-005   1.2477783101194094E-006   6.4405752988938255E-004   7.6429213157236497E-002   3.2062979361616504E-004
          52   1560.0000000000000        3.7071067312381867E-003  0.67754917347631494        9.7455035655448594E-002   4.1548140437202452E-002  0.10056690973037342        1.6241103707637324E-003   1.1978006142618079E-004   3.4596021526065529E-005   1.2477781483534248E-006   6.4405752510789062E-004   7.6429212441119790E-002   3.2062977133039849E-004
          53   1590.0000000000000        3.7071068667499964E-003  0.67754917191182529        9.7455039196033516E-002   4.1548140350579271E-002  0.10056690854272790        1.6241104143385838E-003   1.1978006583154251E-004   3.4596019749712037E-005   1.2477780242175528E-006   6.4405752044782954E-004   7.6429211580116785E-002   3.2062975357540277E-004
          54   1620.0000000000000        3.7071074219521766E-003  0.67754916192867864        9.7455053765222024E-002   4.1548139749637787E-002  0.10056690577240734        1.6241106363279606E-003   1.1978008380303659E-004   3.4596013077538691E-005   1.2477775626606576E-006   6.4405750723847482E-004   7.6429209653858424E-002   3.2062969023400641E-004
          55   1650.0000000000000        3.7071068525685829E-003  0.67754917699598305        9.7455038738750846E-002   4.1548140698358972E-002  0.10056690578370450        1.6241103499739615E-003   1.1978006547715050E-004   3.4596019102564642E-005   1.2477779724992650E-006   6.4405751282652882E-004   7.6429209462791942E-002   3.2062974248938352E-004
          56   1680.0000000000000        3.7071048025529903E-003  0.67754921960723569        9.7454984856831350E-002   4.1548143306926376E-002  0.10056691263833732        1.6241094605780261E-003   1.1977999922653920E-004   3.4596042778864054E-005   1.2477796013680946E-006   6.4405755230061514E-004   7.6429213992363049E-002   3.2062996126788984E-004
          57   1710.0000000000000        3.7071044860199302E-003  0.67754921845131189        9.7454976751539066E-002   4.1548143143976500E-002  0.10056691820281181        1.6241094181359828E-003   1.1977998873363956E-004   3.4596047818065322E-005   1.2477799559359297E-006   6.4405757209011515E-004   7.6429218142079924E-002   3.2063001552713792E-004
          58   1740.0000000000000        3.7071045702168617E-003  0.67754920982667377        9.7454979168016806E-002   4.1548142528536759E-002  0.10056692192142883        1.6241095391346569E-003   1.1977999120455662E-004   3.4596048087416575E-005   1.2477799808494541E-006   6.4405758279711131E-004   7.6429221019159499E-002   3.2063002476286642E-004
          59   1770.0000000000000        3.7071031477741950E-003  0.67754923443676129        9.7454941916955973E-002   4.1548143976642846E-002  0.10056692956534311        1.6241089827916156E-003   1.1977994506821326E-004   3.4596065400780263E-005   1.2477811770845398E-006   6.4405761894536801E-004   7.6429226373453243E-002   3.2063018968623018E-004
          60   1800.0000000000000        3.7071035920455751E-003  0.67754921660428358        9.7454953992452076E-002   4.1548142714230803E-002  0.10056693303275879        1.6241092827747601E-003   1.1977995893610091E-004   3.4596061958888431E-005   1.2477809413564966E-006   6.4405762756009261E-004   7.6429229186756945E-002   3.2063016530103216E-004
          61   1830.0000000000000        3.7071042986485865E-003  0.67754919739919794        9.7454972699941786E-002   4.1548141480356217E-002  0.10056693329845119        1.6241096448654745E-003   1.1977998160509349E-004   3.4596054615764296E-005   1.2477804402831969E-006   6.4405762207542033E-004   7.6429229637932819E-002   3.2063010186941847E-004
          62   1860.0000000000000        3.7071041164177588E-003  0.67754920049312861        9.7454967938103806E-002   4.1548141657812301E-002  0.10056693430904692        1.6241095744127380E-003   1.1977997568168004E-004   3.4596056852686627E-005   1.2477805944704536E-006   6.4405762691746127E-004   7.6429230347863045E-002   3.2063012316852402E-004
          63   1890.0000000000000        3.7071045354511289E-003  0.67754919065844066        9.7454978989533578E-002   4.1548141039566298E-002  0.10056693356096066        1.6241097700802219E-003   1.1977998917730053E-004   3.4596052220497206E-005   1.2477802766200558E-006   6.4405762091895033E-004   7.6429229921936320E-002   3.2063008143767119E-004
          64   1920.0000000000000        3.7071049947849819E-003  0.67754918196134284        9.7454991060593896E-002   4.1548140508053923E-002  0.10056693152230355        1.6241099591711118E-003   1.1978000402400519E-004   3.4596046783922452E-005   1.2477799006901903E-006   6.4405761083094829E-004   7.6429228522008411E-002   3.2063003020171572E-004
          65   1950.0000000000000        3.7071045791618388E-003  0.67754919298011873        9.7454980103084218E-002   4.1548141197089404E-002  0.10056693151449142        1.6241097500231155E-003   1.1977999063332496E-004   3.4596051189255551E-005   1.2477801997771676E-006   6.4405761501639563E-004   7.6429228370681862E-002   3.2063006831096081E-004
          66   1980.0000000000000        3.7071045525099541E-003  0.67754919375574318        9.7454979400975084E-002   4.1548141245276449E-002  0.10056693147288413        1.6241097357911679E-003   1.1977998977397882E-004   3.4596051461710455E-005   1.2477802180771748E-006   6.4405761519254650E-004   7.6429228329597643E-002   3.2063007057595813E-004
          67   2010.0000000000000        3.7071044008770227E-003  0.67754919697536520        9.7454975423602500E-002   4.1548141438929882E-002  0.10056693193679658        1.6241096692817540E-003   1.1977998486368719E-004   3.4596053210228784E-005   1.2477803378221368E-006   6.4405761811426275E-004   7.6429228632025614E-002   3.2063008659526652E-004
          68   2040.0000000000000        3.7071036844024048E-003  0.67754921127836176        9.7454956617217411E-002   4.1548142303726540E-002  0.10056693467296732        1.6241093657721093E-003   1.1977996167832362E-004   3.4596061598898480E-005   1.2477809151168982E-006   6.4405763306095388E-004   7.6429230475665813E-002   3.2063016463327866E-004
          69   2070.0000000000000        3.7071031398817284E-003  0.67754921941382340        9.7454942397496608E-002   4.1548142762091712E-002  0.10056693834631192        1.6241091686189934E-003   1.1977994396756433E-004   3.4596068460835652E-005   1.2477813902488919E-006   6.4405764923071592E-004   7.6429233097548413E-002   3.2063023117789342E-004
          70   2100.0000000000000        3.7071033838241207E-003  0.67754920999086488        9.7454948936162078E-002   4.1548142130659250E-002  0.10056694006357113        1.6241093279074676E-003   1.1977995169502997E-004   3.4596066427794891E-005   1.2477812545108296E-006   6.4405765231747940E-004   7.6429234498639143E-002   3.2063021667716408E-004
          71   2130.0000000000000        3.7071031321863632E-003  0.67754921289211756        9.7454942390271262E-002   4.1548142279005794E-002  0.10056694226041002        1.6241092473421954E-003   1.1977994347915637E-004   3.4596069753892480E-005   1.2477814855423230E-006   6.4405766133021278E-004   7.6429236092913647E-002   3.2063024970417083E-004
          72   2160.0000000000000        3.7071045167686909E-003  0.67754918159148048        9.7454978836423206E-002   4.1548140339457841E-002  0.10056693910461711        1.6241098787899337E-003   1.1977998815819197E-004   3.4596054198953287E-005   1.2477804187204060E-006   6.4405763894333484E-004   7.6429234162154386E-002   3.2063010858891620E-004
          73   2190.0000000000000        3.7071050662297769E-003  0.67754917370607626        9.7454993243985988E-002   4.1548139871714108E-002  0.10056693518548129        1.6241100745046678E-003   1.1978000595733643E-004   3.4596047280858813E-005   1.2477799361085454E-006   6.4405762287893958E-004   7.6429231355259419E-002   3.2063004069509847E-004
          74   2220.0000000000000        3.7071051224704978E-003  0.67754917728143937        9.7454994605180117E-002   4.1548140140969178E-002  0.10056693222843753        1.6241100408640992E-003   1.1978000791869965E-004   3.4596045796383510E-005   1.2477798284501726E-006   6.4405761357342630E-004   7.6429229111365751E-002   3.2063002215650344E-004
          75   2250.0000000000000        3.7071053618620178E-003  0.67754917618375465        9.7455000843288425E-002   4.1548140097184896E-002  0.10056692915028276        1.6241100977440095E-003   1.1978001572148850E-004   3.4596042388559648E-005   1.2477795874771507E-006   6.4405760274789876E-004   7.6429226839007908E-002   3.2062998642982845E-004
          76   2280.0000000000000        3.7071045446925963E-003  0.67754919702291505        9.7454979335400094E-002   4.1548141385965451E-002  0.10056692961108735        1.6241096967996534E-003   1.1977998934940373E-004   3.4596051210037931E-005   1.2477801867394444E-006   6.4405761259778138E-004   7.6429226906231787E-002   3.2063006356415223E-004
          77   2310.0000000000000        3.7071041567751060E-003  0.67754920487759285        9.7454969156373639E-002   4.1548141859599368E-002  0.10056693102603229        1.6241095311865961E-003   1.1977997679229565E-004   3.4596055738091380E-005   1.2477804979380100E-006   6.4405762057023394E-004   7.6429227853308232E-002   3.2063010553357447E-004
          78   2340.0000000000000        3.7071039437864195E-003  0.67754920770174876        9.7454963616591853E-002   4.1548142007449496E-002  0.10056693266728388        1.6241094586007083E-003   1.1977996983740738E-004   3.4596058497865466E-005   1.2477806887683957E-006   6.4405762767796274E-004   7.6429229035306273E-002   3.2063013253068881E-004
          79   2370.0000000000000        3.7071038950321333E-003  0.67754920680887776        9.7454962424365479E-002   4.1548141914557662E-002  0.10056693392804494        1.6241094612329328E-003   1.1977996815215697E-004   3.4596059436258045E-005   1.2477807535212542E-006   6.4405763243456117E-004   7.6429229984272040E-002   3.2063014284077276E-004
          80   2400.0000000000000        3.7071032872170624E-003  0.67754921779995680        9.7454946501725551E-002   4.1548142564656013E-002  0.10056693691501387        1.6241092177706170E-003   1.1977994844422053E-004   3.4596066757045359E-005   1.2477812584900402E-006   6.4405764713655503E-004   7.6429232057994678E-002   3.2063021206902583E-004
          81   2430.0000000000000        3.7071037583785078E-003  0.67754920462511770        9.7454959002281252E-002   4.1548141708015879E-002  0.10056693730136029        1.6241094639151354E-003   1.1977996352736210E-004   3.4596061941944533E-005   1.2477809295637238E-006   6.4405764433004588E-004   7.6429232519425738E-002   3.2063017077632285E-004
          82   2460.0000000000000        3.7071041392832725E-003  0.67754919605233688        9.7454969041380110E-002   4.1548141171405956E-002  0.10056693640601565        1.6241096373089048E-003   1.1977997580327730E-004   3.4596057668733082E-005   1.2477806357950197E-006   6.4405763827075089E-004   7.6429231968014377E-002   3.2063013187634396E-004
          83   2490.0000000000000        3.7071040803211192E-003  0.67754919826627313        9.7454967485985658E-002   4.1548141309450518E-002  0.10056693601958384        1.6241095998403179E-003   1.1977997390473764E-004   3.4596058193394499E-005   1.2477806698381774E-006   6.4405763792185127E-004   7.6429231652267587E-002   3.2063013558792909E-004
          84   2520.0000000000000        3.7071029304176920E-003  0.67754922253528038        9.7454937251587881E-002   4.1548142799755335E-002  0.10056693965109216        1.6241090964505831E-003   1.1977993675634401E-004   3.4596071407937721E-005   1.2477815786179561E-006   6.4405765940517127E-004   7.6429234028934645E-002   3.2063025733313508E-004
          85   2550.0000000000000        3.7071034879612211E-003  0.67754920696729748        9.7454952012208010E-002   4.1548141800972778E-002  0.10056694010612853        1.6241093871053665E-003   1.1977995464385559E-004   3.4596065676612192E-005   1.2477811885611562E-006   6.4405765566584190E-004   7.6429234572792437E-002   3.2063020835942978E-004
          86   2580.0000000000000        3.7071026577886411E-003  0.67754922322264322        9.7454930203389606E-002   4.1548142791228766E-002  0.10056694347071457        1.6241090390282081E-003   1.1977992780134998E-004   3.4596075427894432E-005   1.2477818612411019E-006   6.4405767322033990E-004   7.6429236857318700E-002   3.2063029957745770E-004
          87   2610.0000000000000        3.7071028495805850E-003  0.67754921542814028        9.7454935363214965E-002   4.1548142263011359E-002  0.10056694504293073        1.6241091690921488E-003   1.1977993385346196E-004   3.4596073906409860E-005   1.2477817598079963E-006   6.4405767643113850E-004   7.6429238128866608E-002   3.2063028921244221E-004
          88   2640.0000000000000        3.7071029099820605E-003  0.67754921207481700        9.7454937003417411E-002   4.1548142035073378E-002  0.10056694606475748        1.6241092209665590E-003   1.1977993574077736E-004   3.4596073578742558E-005   1.2477817396676571E-006   6.4405767891576374E-004   7.6429238932700469E-002   3.2063028831080473E-004
          89   2670.0000000000000        3.7071019172262151E-003  0.67754923123805144        9.7454910945005094E-002   4.1548143193195212E-002  0.10056695024404143        1.6241088082555831E-003   1.1977990361493069E-004   3.4596085302163640E-005   1.2477825479961750E-006   6.4405770056456964E-004   7.6429241784049376E-002   3.2063039814590592E-004
          90   2700.0000000000000        3.7071009290287043E-003  0.67754924685209561        9.7454885117689932E-002   4.1548144086240843E-002  0.10056695641511043        1.6241084400697916E-003   1.1977987149961554E-004   3.4596097605515906E-005   1.2477833989957803E-006   6.4405772842991086E-004   7.6429246162165274E-002   3.2063051666571523E-004
          91   2730.0000000000000        3.7071001432468290E-003  0.67754925579355052        9.7454864697696222E-002   4.1548144533417958E-002  0.10056696333887095        1.6241081901482675E-003   1.1977984581874270E-004   3.4596108029750963E-005   1.2477841223266345E-006   6.4405775699064136E-004   7.6429251187966632E-002   3.2063062014124399E-004
          92   2760.0000000000000        3.7071001478405814E-003  0.67754924731445210        9.7454865061952223E-002   4.1548143909660856E-002  0.10056696820356541        1.6241082951058412E-003   1.1977984566789971E-004   3.4596109486754629E-005   1.2477842305715055E-006   6.4405777187956804E-004   7.6429254914293560E-002   3.2063064186470621E-004
          93   2790.0000000000000        3.7070993056586509E-003  0.67754925839402502        9.7454843044864528E-002   4.1548144536726332E-002  0.10056697478357660        1.6241080078917842E-003   1.1977981830530680E-004   3.4596120306418228E-005   1.2477849843484322E-006   6.4405779874838944E-004   7.6429259656256368E-002   3.2063074865656895E-004
          94   2820.0000000000000        3.7070991602599431E-003  0.67754925343342876        9.7454839434263557E-002   4.1548144142263710E-002  0.10056697992294401        1.6241080426092757E-003   1.1977981334709065E-004   3.4596123403547410E-005   1.2477852060490767E-006   6.4405781555932598E-004   7.6429263541424763E-002   3.2063078529009686E-004
          95   2850.0000000000000        3.7070987330893369E-003  0.67754925581063175        9.7454828393358478E-002   4.1548144207520697E-002  0.10056698513676900        1.6241079371124777E-003   1.1977979931269124E-004   3.4596129506198732E-005   1.2477856322099474E-006   6.4405783537411446E-004   7.6429267383590654E-002   3.2063084810244919E-004
