 ntimeOH                  H2                  H2O                 H                   CO                  CO2                 O                   CH4                 C2H2                NH3                 N2                  HCN                 
           0   0.00000000       0.0000000000000000       0.69999999999999996        0.0000000000000000        0.0000000000000000       0.10000000000000001        0.0000000000000000       0.10000000000000001        0.0000000000000000        0.0000000000000000        5.0000000000000003E-002   5.0000000000000003E-002   0.0000000000000000     
           1   30.000000000000000        3.7537712813666218E-003  0.67702384403559868        9.7405141007701396E-002   4.2060057118752735E-002  0.10058631967810536        1.6248519755837926E-003   1.2287750134015347E-004   3.2837873886875845E-005   1.1852022469366173E-006   6.2733988383876084E-004   7.6449246894023423E-002   3.1252754755505679E-004
           2   60.000000000000000        3.8124828551918733E-003  0.67261170891312250        9.9022392815431612E-002   4.1746384793975487E-002  0.10225981061860202        1.6903278497104556E-003   1.2468121286023906E-004   3.2748830790782244E-005   1.1820279979761941E-006   6.3179247314845048E-004   7.7751731345620093E-002   3.1475626354847272E-004
           3   90.000000000000000        3.8517516484182081E-003  0.66965221163313526       0.10010667581402116        4.1535984640026412E-002  0.10338173177981858        1.7352198422263818E-003   1.2588446838490689E-004   3.2689393436795294E-005   1.1799076626322095E-006   6.3474979275969479E-004   7.8625684797314563E-002   3.1623628279517461E-004
           4   120.00000000000000        3.8777979112805255E-003  0.66768541917460766       0.10082702769750740        4.1396160847689357E-002  0.10412705794521693        1.7654915358328669E-003   1.2668115556407726E-004   3.2650018685446108E-005   1.1785023801673432E-006   6.3670232722671323E-004   7.9206619548634088E-002   3.1721333537484893E-004
           5   150.00000000000000        3.8949786590401223E-003  0.66638638951842355       0.10130270589115975        4.1303810611027926E-002  0.10461921274145045        1.7856788090166791E-003   1.2720604652201778E-004   3.2624067974979227E-005   1.1775759077580652E-006   6.3798640684327229E-004   7.9590373833980294E-002   3.1785583865325212E-004
           6   180.00000000000000        3.9062703466228397E-003  0.66553189616112085       0.10161556098052982        4.1243063589632624E-002  0.10494289636320235        1.7990422415236056E-003   1.2755074828540278E-004   3.2607021511449897E-005   1.1769671836419535E-006   6.3882868510716873E-004   7.9842829641497373E-002   3.1827725378297803E-004
           7   210.00000000000000        3.9136738400914793E-003  0.66497132240129730       0.10182078455162900        4.1203211962544770E-002  0.10515522006041290        1.8078455679835267E-003   1.2777663767850938E-004   3.2595848607971608E-005   1.1765681461182093E-006   6.3938022195401370E-004   8.0008459147355188E-002   3.1855319229890988E-004
           8   240.00000000000000        3.9185199254299294E-003  0.66460422599145497       0.10195516020129296        4.1177114725002496E-002  0.10529425747988061        1.8136261487939013E-003   1.2792444568583377E-004   3.2588541237847143E-005   1.1763073001925548E-006   6.3974098405259112E-004   8.0116931527264443E-002   3.1873372260414181E-004
           9   270.00000000000000        3.9216890360639477E-003  0.66436409984693723       0.10204305371784209        4.1160043930173765E-002  0.10538520157458053        1.8174140884249209E-003   1.2802108321808889E-004   3.2583763929977026E-005   1.1761367794406445E-006   6.3997678346846740E-004   8.0187888314839209E-002   3.1885172374223242E-004
          10   300.00000000000000        3.9237603433670892E-003  0.66420714123484348       0.10210050769339210        4.1148885626733779E-002  0.10544464316977384        1.8198929895083364E-003   1.2808423587645182E-004   3.2580640079442313E-005   1.1760252023272895E-006   6.4013082704889208E-004   8.0234268422030713E-002   3.1892879214340865E-004
          11   330.00000000000000        3.9251132021996789E-003  0.66410460370958257       0.10213803709270242        4.1141596071930742E-002  0.10548347631495791        1.8215136072777247E-003   1.2812547900528258E-004   3.2578601687338149E-005   1.1759524557699532E-006   6.4023143530444917E-004   8.0264569389884605E-002   3.1897914301161589E-004
          12   360.00000000000000        3.9259968580315219E-003  0.66403763330026178       0.10216255161670607        4.1136835043025489E-002  0.10550883720550903        1.8225726323788610E-003   1.2815241662669918E-004   3.2577268892289555E-005   1.1759048312630195E-006   6.4029712553137811E-004   8.0284358625428015E-002   3.1901200277755220E-004
          13   390.00000000000000        3.9265737634748207E-003  0.66399390623215471       0.10217855692230569        4.1133726404059462E-002  0.10552539651406379        1.8232643207125672E-003   1.2817000233154993E-004   3.2576399226657424E-005   1.1758737715076237E-006   6.4034001263551642E-004   8.0297280095097776E-002   3.1903346016609840E-004
          14   420.00000000000000        3.9269504406252240E-003  0.66396535763012776       0.10218900743449655        4.1131696821628289E-002  0.10553620713879112        1.8237160145422888E-003   1.2818148425580933E-004   3.2575830998708626E-005   1.1758534592313985E-006   6.4036800877741553E-004   8.0305715879915862E-002   3.1904746238184856E-004
          15   450.00000000000000        3.9271960906289670E-003  0.66394672622826034       0.10219582328060091        4.1130372219091695E-002  0.10554326497662055        1.8240108076820233E-003   1.2818897151519235E-004   3.2575462547778690E-005   1.1758403684342957E-006   6.4038628802659634E-004   8.0311223208446622E-002   3.1905662621109255E-004
          16   480.00000000000000        3.9273563308774035E-003  0.66393456568121900       0.10220026952869569        4.1129507666529987E-002  0.10554787297245594        1.8242032158330760E-003   1.2819385529567142E-004   3.2575223255234651E-005   1.1758319104276794E-006   6.4039822234494771E-004   8.0314818850692943E-002   3.1906262088957229E-004
          17   510.00000000000000        3.9274610973822370E-003  0.66392662350131271       0.10220317628960078        4.1128943042874726E-002  0.10555088076921514        1.8243289084169264E-003   1.2819704865171661E-004   3.2575065445392777E-005   1.1758262790180369E-006   6.4040601068863254E-004   8.0317165921288056E-002   3.1906651884477347E-004
          18   540.00000000000000        3.9275290940813381E-003  0.66392144764379835       0.10220506375089532        4.1128574922811544E-002  0.10555284510589530        1.8244107744229579E-003   1.2819912013051530E-004   3.2574966580844108E-005   1.1758228780747316E-006   6.4041110353478938E-004   8.0318698593244628E-002   3.1906910172622673E-004
          19   570.00000000000000        3.9275739530542598E-003  0.66391805848202212       0.10220630813332185        4.1128333974257511E-002  0.10555412624720351        1.8244644446674800E-003   1.2820048775958424E-004   3.2574897260294089E-005   1.1758203313117848E-006   6.4041442015799483E-004   8.0319698397907743E-002   3.1907074205638007E-004
          20   600.00000000000000        3.9276031752185671E-003  0.66391584854532160       0.10220711883655464        4.1128176847886215E-002  0.10555496205828499        1.8244994362538209E-003   1.2820137855929880E-004   3.2574852460639076E-005   1.1758186981075544E-006   6.4041658447320420E-004   8.0320350650290182E-002   3.1907181599881565E-004
          21   630.00000000000000        3.9276223393332425E-003  0.66391440506436072       0.10220765043914194        4.1128074188749093E-002  0.10555550677322287        1.8245223081087558E-003   1.2820196283108904E-004   3.2574822250972358E-005   1.1758175597571533E-006   6.4041799540858271E-004   8.0320775783069648E-002   3.1907250596301513E-004
          22   660.00000000000000        3.9276344760322121E-003  0.66391347153488456       0.10220798778950671        4.1128007699163457E-002  0.10555586295570904        1.8245370522937741E-003   1.2820233199365173E-004   3.2574806283382423E-005   1.1758170700792405E-006   6.4041892248442741E-004   8.0321053623199357E-002   3.1907299137927766E-004
          23   690.00000000000000        3.9276426837052906E-003  0.66391285606024153       0.10220821553116705        4.1127963875890593E-002  0.10555609460113730        1.8245468131973216E-003   1.2820258214598135E-004   3.2574793033375727E-005   1.1758165521967697E-006   6.4041952386697794E-004   8.0321234438808037E-002   3.1907328025422891E-004
          24   720.00000000000000        3.9276483880672508E-003  0.66391244834794239       0.10220837323573026        4.1127934892371133E-002  0.10555624394373209        1.8245533302966748E-003   1.2820275672611325E-004   3.2574780660852792E-005   1.1758159549116206E-006   6.4041990863927649E-004   8.0321351168812616E-002   3.1907343106643034E-004
          25   750.00000000000000        3.9276517559983749E-003  0.66391219204959517       0.10220846709358886        4.1127916514419535E-002  0.10555634106691207        1.8245573889271529E-003   1.2820285886357672E-004   3.2574776067511798E-005   1.1758157912381633E-006   6.4042016503897104E-004   8.0321426955408684E-002   3.1907355938852960E-004
          26   780.00000000000000        3.9276538865148578E-003  0.66391202698019491       0.10220852667253381        4.1127904624050547E-002  0.10555640417039804        1.8245599968875756E-003   1.2820292321687372E-004   3.2574773727772577E-005   1.1758157243052939E-006   6.4042033348748659E-004   8.0321476175194945E-002   3.1907364806870413E-004
          27   810.00000000000000        3.9276553602471398E-003  0.66391191805020811       0.10220856775099850        4.1127896778416918E-002  0.10555644476116328        1.8245617311731356E-003   1.2820296789951355E-004   3.2574771294933998E-005   1.1758156160689556E-006   6.4042044150904715E-004   8.0321507875127054E-002   3.1907369634630783E-004
          28   840.00000000000000        3.9276559917940379E-003  0.66391185441194123       0.10220858599282456        4.1127892108958085E-002  0.10555647195931474        1.8245627018301058E-003   1.2820298624706148E-004   3.2574773055956804E-005   1.1758157727451813E-006   6.4042051760444243E-004   8.0321528981131166E-002   3.1907375952579308E-004
          29   870.00000000000000        3.9276566269243890E-003  0.66391180788487214       0.10220860380918242        4.1127888708229546E-002  0.10555648916484971        1.8245634451429886E-003   1.2820300536222170E-004   3.2574772047129633E-005   1.1758157230259264E-006   6.4042056489950494E-004   8.0321542423287859E-002   3.1907377947896820E-004
          30   900.00000000000000        3.9276569753834058E-003  0.66391177949504765       0.10220861373945553        4.1127886602521153E-002  0.10555650024261629        1.8245638919141939E-003   1.2820301565457905E-004   3.2574772007335639E-005   1.1758157307484431E-006   6.4042059642759530E-004   8.0321551055569068E-002   3.1907379767246829E-004
          31   930.00000000000000        3.9276571670958825E-003  0.66391176216619385       0.10220861939661713        4.1127885260131405E-002  0.10555650727929387        1.8245641621557854E-003   1.2820302107405826E-004   3.2574772377561428E-005   1.1758157574146617E-006   6.4042061826411812E-004   8.0321556528877056E-002   3.1907381216180890E-004
          32   960.00000000000000        3.9276573321701830E-003  0.66391175047794704       0.10220862419426487        4.1127884334088372E-002  0.10555651145205652        1.8245643520490545E-003   1.2820302583265071E-004   3.2574772202649944E-005   1.1758157423898367E-006   6.4042063193821925E-004   8.0321559795097225E-002   3.1907381661068832E-004
          33   990.00000000000000        3.9276573695194951E-003  0.66391174479372694       0.10220862549034858        4.1127883851528116E-002  0.10555651411901001        1.8245644369061177E-003   1.2820302664518282E-004   3.2574772746941241E-005   1.1758157768340188E-006   6.4042064147850600E-004   8.0321561856933843E-002   3.1907382537939652E-004
          34   1020.0000000000000        3.9276573856314679E-003  0.66391174159106914       0.10220862621941686        4.1127883528473713E-002  0.10555651565268905        1.8245644852324784E-003   1.2820302678251768E-004   3.2574773225667295E-005   1.1758158028107782E-006   6.4042064853991919E-004   8.0321563041878888E-002   3.1907383125754550E-004
          35   1050.0000000000000        3.9276573096061118E-003  0.66391174160342004       0.10220862447921841        4.1127883433391611E-002  0.10555651674010652        1.8245644729298208E-003   1.2820302400219408E-004   3.2574774420124799E-005   1.1758158780581433E-006   6.4042065474934475E-004   8.0321563849207162E-002   3.1907384307079787E-004
          36   1080.0000000000000        3.9276572867480734E-003  0.66391174114026452       0.10220862409854482        4.1127883318525391E-002  0.10555651729224778        1.8245644769509827E-003   1.2820302298746053E-004   3.2574774962129167E-005   1.1758159081519943E-006   6.4042065887130511E-004   8.0321564266007686E-002   3.1907384798184475E-004
          37   1110.0000000000000        3.9276572558665434E-003  0.66391174158914590       0.10220862353786188        4.1127883248575282E-002  0.10555651741904717        1.8245644679001577E-003   1.2820302167472646E-004   3.2574775511687769E-005   1.1758159358513936E-006   6.4042066248337008E-004   8.0321564354082359E-002   3.1907385191508786E-004
          38   1140.0000000000000        3.9276572276337402E-003  0.66391174249982066       0.10220862302175249        4.1127883217032007E-002  0.10555651724022129        1.8245644530931358E-003   1.2820302047899723E-004   3.2574775944335366E-005   1.1758159554135844E-006   6.4042066508231490E-004   8.0321564208705162E-002   3.1907385428059354E-004
          39   1170.0000000000000        3.9276572147524842E-003  0.66391174344812898       0.10220862287893649        4.1127883198361408E-002  0.10555651681026869        1.8245644405057177E-003   1.2820301981721860E-004   3.2574776148962873E-005   1.1758159596534319E-006   6.4042066662546083E-004   8.0321563876299226E-002   3.1907385419560727E-004
          40   1200.0000000000000        3.9276572512005120E-003  0.66391174365757166       0.10220862398804051        4.1127883146702016E-002  0.10555651606313801        1.8245644468148636E-003   1.2820302080544652E-004   3.2574775779963086E-005   1.1758159252523920E-006   6.4042066651798094E-004   8.0321563319082606E-002   3.1907384842126793E-004
          41   1230.0000000000000        3.9276571783681009E-003  0.66391174647897933       0.10220862226029968        4.1127883254056495E-002  0.10555651546450830        1.8245643978710819E-003   1.2820301821793949E-004   3.2574776497917598E-005   1.1758159643754079E-006   6.4042066804642129E-004   8.0321562834423529E-002   3.1907385276688164E-004
          42   1260.0000000000000        3.9276571178297410E-003  0.66391174888687998       0.10220862083934625        4.1127883341081743E-002  0.10555651492435189        1.8245643565510063E-003   1.2820301604820312E-004   3.2574777099104240E-005   1.1758159964056301E-006   6.4042066940776235E-004   8.0321562399159621E-002   3.1907385624829401E-004
          43   1290.0000000000000        3.9276570915573262E-003  0.66391175052586593       0.10220862031255309        4.1127883379482741E-002  0.10555651430632733        1.8245643319600869E-003   1.2820301499385340E-004   3.2574777356698546E-005   1.1758160048796929E-006   6.4042067024297467E-004   8.0321561917214124E-002   3.1907385644079200E-004
          44   1320.0000000000000        3.9276571139720039E-003  0.66391175129022095       0.10220862106210349        4.1127883359932151E-002  0.10555651344668812        1.8245643283809623E-003   1.2820301551695135E-004   3.2574777101979903E-005   1.1758159774868094E-006   6.4042067010921741E-004   8.0321561268560743E-002   3.1907385143572841E-004
          45   1350.0000000000000        3.9276570161742904E-003  0.66391175483076792       0.10220861871031776        4.1127883501525568E-002  0.10555651280097492        1.8245642655069397E-003   1.2820301208241086E-004   3.2574778072241616E-005   1.1758160323716734E-006   6.4042067212495969E-004   8.0321560738590592E-002   3.1907385782994316E-004
          46   1380.0000000000000        3.9276569771519573E-003  0.66391175702133554       0.10220861791008963        4.1127883550614898E-002  0.10555651203367107        1.8245642319386511E-003   1.2820301053869553E-004   3.2574778472369301E-005   1.1758160474733759E-006   6.4042067348439818E-004   8.0321560137969122E-002   3.1907385868601223E-004
          47   1410.0000000000000        3.9276568670856332E-003  0.66391176062303026       0.10220861519702805        4.1127883712901672E-002  0.10555651155716007        1.8245641653720048E-003   1.2820300675639153E-004   3.2574779559430446E-005   1.1758161126151501E-006   6.4042067550059833E-004   8.0321559732773426E-002   3.1907386671975425E-004
          48   1440.0000000000000        3.9276567867542684E-003  0.66391176321315415       0.10220861322832757        4.1127883824364511E-002  0.10555651122810439        1.8245641174220210E-003   1.2820300398157846E-004   3.2574780367616437E-005   1.1758161607700224E-006   6.4042067715424722E-004   8.0321559451514077E-002   3.1907387269485205E-004
          49   1470.0000000000000        3.9276567537769019E-003  0.66391176483498238       0.10220861257814298        4.1127883841144339E-002  0.10555651070607619        1.8245640923348675E-003   1.2820300264428775E-004   3.2574780758451337E-005   1.1758161765423550E-006   6.4042067890637442E-004   8.0321559041037244E-002   3.1907387401957119E-004
          50   1500.0000000000000        3.9276566962059608E-003  0.66391176705611765       0.10220861123411554        4.1127883916718427E-002  0.10555651023054551        1.8245640540183641E-003   1.2820300057178087E-004   3.2574781345525271E-005   1.1758162078980869E-006   6.4042068037523103E-004   8.0321558656268277E-002   3.1907387750974657E-004
          51   1530.0000000000000        3.9276566316772989E-003  0.66391176947366104       0.10220860975368015        4.1127883986492211E-002  0.10555650973079073        1.8245640123083070E-003   1.2820299821615891E-004   3.2574782035157840E-005   1.1758162442551758E-006   6.4042068241600407E-004   8.0321558250841099E-002   3.1907388163747354E-004
          52   1560.0000000000000        3.9276566281401431E-003  0.66391177075001706       0.10220860988306320        4.1127883976458231E-002  0.10555650895137972        1.8245639976380225E-003   1.2820299782295697E-004   3.2574782098306531E-005   1.1758162363641283E-006   6.4042068342844974E-004   8.0321557654335657E-002   3.1907387938200782E-004
          53   1590.0000000000000        3.9276566122869502E-003  0.66391177259245970       0.10220860968348427        4.1127884004898030E-002  0.10555650803122583        1.8245639731068251E-003   1.2820299703836312E-004   3.2574782239849037E-005   1.1758162335194118E-006   6.4042068415911797E-004   8.0321556945280217E-002   3.1907387758764954E-004
          54   1620.0000000000000        3.9276566311480417E-003  0.66391177372832633       0.10220861029893309        4.1127884025112207E-002  0.10555650702192244        1.8245639635258413E-003   1.2820299749768238E-004   3.2574781946843481E-005   1.1758162046200965E-006   6.4042068321801455E-004   8.0321556180018155E-002   3.1907387214657931E-004
          55   1650.0000000000000        3.9276566136617697E-003  0.66391177595615025       0.10220861008115111        4.1127884067649778E-002  0.10555650589045566        1.8245639339580064E-003   1.2820299662931028E-004   3.2574782078856168E-005   1.1758161992869477E-006   6.4042068379166722E-004   8.0321555308582121E-002   3.1907386969207569E-004
          56   1680.0000000000000        3.9276565440577033E-003  0.66391177925998868       0.10220860844019543        4.1127884203773203E-002  0.10555650495530482        1.8245638794208258E-003   1.2820299414369952E-004   3.2574782692509515E-005   1.1758162298981668E-006   6.4042068456438635E-004   8.0321554567256023E-002   3.1907387237304111E-004
          57   1710.0000000000000        3.9276565435775943E-003  0.66391178096339587       0.10220860860731967        4.1127884237018790E-002  0.10555650389071126        1.8245638593212172E-003   1.2820299390272846E-004   3.2574782623272378E-005   1.1758162136176466E-006   6.4042068439066225E-004   8.0321553752978600E-002   3.1907386854673043E-004
          58   1740.0000000000000        3.9276565239990098E-003  0.66391178313606636       0.10220860825649788        4.1127884307764422E-002  0.10555650285248104        1.8245638291416258E-003   1.2820299306464102E-004   3.2574782723561276E-005   1.1758162097084824E-006   6.4042068423134503E-004   8.0321552951396175E-002   3.1907386642421207E-004
          59   1770.0000000000000        3.9276564503414298E-003  0.66391178636357528       0.10220860649383436        4.1127884445687879E-002  0.10555650203129435        1.8245637746114529E-003   1.2820299046706948E-004   3.2574783386744705E-005   1.1758162447771393E-006   6.4042068510475043E-004   8.0321552295572210E-002   3.1907386987975759E-004
          60   1800.0000000000000        3.9276564296072472E-003  0.66391178839869502       0.10220860616575002        4.1127884486662485E-002  0.10555650107347939        1.8245637466057668E-003   1.2820298952502185E-004   3.2574783565177515E-005   1.1758162443228389E-006   6.4042068578701295E-004   8.0321551555729828E-002   3.1907386834863026E-004
          61   1830.0000000000000        3.9276563977907021E-003  0.66391179061354810       0.10220860546483136        4.1127884572749226E-002  0.10555650021152763        1.8245637131075500E-003   1.2820298832714932E-004   3.2574783793190443E-005   1.1758162510151359E-006   6.4042068577082982E-004   8.0321550884380255E-002   3.1907386792320017E-004
          62   1860.0000000000000        3.9276563390809646E-003  0.66391179348447260       0.10220860416598569        4.1127884658470830E-002  0.10555649934248171        1.8245636670098726E-003   1.2820298612362658E-004   3.2574784371685790E-005   1.1758162771579857E-006   6.4042068728952211E-004   8.0321550198328595E-002   3.1907387010762946E-004
          63   1890.0000000000000        3.9276562169750992E-003  0.66391179748951812       0.10220860114586135        4.1127884843233466E-002  0.10555649881205474        1.8245635929213108E-003   1.2820298194051209E-004   3.2574785567717644E-005   1.1758163491650617E-006   6.4042068939536994E-004   8.0321549747201668E-002   3.1907387898165755E-004
          64   1920.0000000000000        3.9276562327012748E-003  0.66391179848713910       0.10220860179141009        4.1127884809944837E-002  0.10555649789324002        1.8245635858216973E-003   1.2820298215742207E-004   3.2574785428633343E-005   1.1758163264833714E-006   6.4042069006340328E-004   8.0321549051245014E-002   3.1907387452185978E-004
          65   1950.0000000000000        3.9276561650463566E-003  0.66391180157765617       0.10220860025715159        4.1127884910329683E-002  0.10555649703397899        1.8245635350872293E-003   1.2820297966522286E-004   3.2574786092592621E-005   1.1758163585283252E-006   6.4042069167194189E-004   8.0321548369446091E-002   3.1907387751553865E-004
          66   1980.0000000000000        3.9276560953157404E-003  0.66391180451481613       0.10220859859761679        4.1127885029889170E-002  0.10555649632321212        1.8245634851046151E-003   1.2820297719465519E-004   3.2574786743934028E-005   1.1758163932131286E-006   6.4042069276090663E-004   8.0321547799862364E-002   3.1907388109032306E-004
          67   2010.0000000000000        3.9276560035929244E-003  0.66391180780333936       0.10220859641078557        4.1127885153106281E-002  0.10555649572984721        1.8245634267727386E-003   1.2820297394979037E-004   3.2574787674169863E-005   1.1758164453387067E-006   6.4042069491060296E-004   8.0321547312381447E-002   3.1907388719458170E-004
          68   2040.0000000000000        3.9276559985477752E-003  0.66391180918077830       0.10220859647061495        4.1127885161531270E-002  0.10555649492491409        1.8245634101418757E-003   1.2820297354538675E-004   3.2574787717927098E-005   1.1758164372635588E-006   6.4042069551025393E-004   8.0321546695387366E-002   3.1907388487342948E-004
          69   2070.0000000000000        3.9276559263106527E-003  0.66391181203833527       0.10220859473578017        4.1127885280213036E-002  0.10555649430375275        1.8245633605826692E-003   1.2820297100563937E-004   3.2574788404171555E-005   1.1758164750726106E-006   6.4042069670416533E-004   8.0321546193430182E-002   3.1907388900641922E-004
          70   2100.0000000000000        3.9276559046634895E-003  0.66391181386629183       0.10220859440215460        4.1127885301023896E-002  0.10555649347610066        1.8245633352972869E-003   1.2820297001094069E-004   3.2574788637597979E-005   1.1758164781170113E-006   6.4042069791222307E-004   8.0321545553281443E-002   3.1907388814800215E-004
          71   2130.0000000000000        3.9276558680972021E-003  0.66391181610783800       0.10220859362337480        4.1127885370358656E-002  0.10555649265574281        1.8245633010547445E-003   1.2820296860065813E-004   3.2574788962883289E-005   1.1758164896794877E-006   6.4042069860372917E-004   8.0321544912432902E-002   3.1907388844396408E-004
          72   2160.0000000000000        3.9276558513744956E-003  0.66391181786320907       0.10220859332286730        4.1127885424912337E-002  0.10555649182861430        1.8245632765690931E-003   1.2820296788589787E-004   3.2574789061207246E-005   1.1758164874720826E-006   6.4042069859096811E-004   8.0321544273552425E-002   3.1907388687550756E-004
          73   2190.0000000000000        3.9276557577034342E-003  0.66391182125091586       0.10220859105675256        4.1127885565775950E-002  0.10555649121693650        1.8245632162327834E-003   1.2820296461329509E-004   3.2574789979485720E-005   1.1758165398741463E-006   6.4042070037095649E-004   8.0321543771191675E-002   3.1907389298771449E-004
          74   2220.0000000000000        3.9276557401559924E-003  0.66391182269096494       0.10220859069727227        4.1127885615890168E-002  0.10555649060252692        1.8245631952378406E-003   1.2820296391866551E-004   3.2574790098958430E-005   1.1758165414780722E-006   6.4042070038359568E-004   8.0321543294750233E-002   3.1907389225900319E-004
          75   2250.0000000000000        3.9276556574043605E-003  0.66391182555014028       0.10220858870378531        4.1127885728650483E-002  0.10555649013828032        1.8245631437691957E-003   1.2820296101694260E-004   3.2574790935218772E-005   1.1758165894255497E-006   6.4042070222989072E-004   8.0321542909199864E-002   3.1907389799880640E-004
          76   2280.0000000000000        3.9276556051607188E-003  0.66391182768035539       0.10220858752602618        4.1127885787471279E-002  0.10555648962389766        1.8245631079991281E-003   1.2820295908365839E-004   3.2574791488083919E-005   1.1758166172009453E-006   6.4042070389211414E-004   8.0321542497059709E-002   3.1907390094882738E-004
          77   2310.0000000000000        3.9276555620622400E-003  0.66391182976831087       0.10220858662684106        4.1127885827340623E-002  0.10555648897800839        1.8245630750450079E-003   1.2820295739796774E-004   3.2574791961255544E-005   1.1758166374301072E-006   6.4042070565646441E-004   8.0321541988056119E-002   3.1907390268255833E-004
          78   2340.0000000000000        3.9276555736864928E-003  0.66391183086405248       0.10220858712580684        4.1127885816161419E-002  0.10555648807904261        1.8245630654021251E-003   1.2820295753095825E-004   3.2574791829039176E-005   1.1758166169037172E-006   6.4042070592559006E-004   8.0321541305404004E-002   3.1907389854160854E-004
          79   2370.0000000000000        3.9276555152713104E-003  0.66391183379522256       0.10220858585365486        4.1127885897958134E-002  0.10555648716290310        1.8245630188013912E-003   1.2820295531318219E-004   3.2574792411708506E-005   1.1758166423655651E-006   6.4042070756963824E-004   8.0321540583689011E-002   3.1907390056281352E-004
          80   2400.0000000000000        3.9276554034988823E-003  0.66391183769825135       0.10220858312165676        4.1127886068666519E-002  0.10555648652558552        1.8245629482890311E-003   1.2820295144325250E-004   3.2574793502424531E-005   1.1758167060658800E-006   6.4042070955668928E-004   8.0321540054688237E-002   3.1907390815507156E-004
          81   2430.0000000000000        3.9276554527064144E-003  0.66391183798935360       0.10220858456498325        4.1127886021186701E-002  0.10555648553134876        1.8245629560688151E-003   1.2820295284522438E-004   3.2574792957438803E-005   1.1758166587149506E-006   6.4042070877994863E-004   8.0321539312854115E-002   3.1907390025695786E-004
          82   2460.0000000000000        3.9276554154508607E-003  0.66391184049185759       0.10220858379575339        4.1127886095626849E-002  0.10555648455748634        1.8245629186262376E-003   1.2820295137796643E-004   3.2574793280153511E-005   1.1758166683648524E-006   6.4042070947266827E-004   8.0321538554339891E-002   3.1907390005969221E-004
          83   2490.0000000000000        3.9276553722709315E-003  0.66391184300961326       0.10220858281792089        4.1127886192915485E-002  0.10555648368608168        1.8245628791889068E-003   1.2820294978560778E-004   3.2574793632324494E-005   1.1758166826190890E-006   6.4042070979218688E-004   8.0321537871478679E-002   3.1907390063740744E-004
          84   2520.0000000000000        3.9276552695804174E-003  0.66391184673528836       0.10220858035302058        4.1127886340259184E-002  0.10555648300163716        1.8245628131174194E-003   1.2820294617353755E-004   3.2574794653884087E-005   1.1758167402254674E-006   6.4042071195068249E-004   8.0321537310239749E-002   3.1907390733881407E-004
          85   2550.0000000000000        3.9276552351281335E-003  0.66391184875762788       0.10220857961501781        4.1127886401742697E-002  0.10555648228325584        1.8245627819679178E-003   1.2820294485011392E-004   3.2574794968740315E-005   1.1758167520783311E-006   6.4042071267216385E-004   8.0321536748186192E-002   3.1907390783065002E-004
          86   2580.0000000000000        3.9276551732450905E-003  0.66391185145983012       0.10220857821547881        4.1127886484301560E-002  0.10555648156969853        1.8245627372240739E-003   1.2820294256573307E-004   3.2574795595940206E-005   1.1758167828696330E-006   6.4042071435257617E-004   8.0321536180044853E-002   3.1907391088002436E-004
          87   2610.0000000000000        3.9276551355574389E-003  0.66391185360099647       0.10220857740988890        4.1127886546463932E-002  0.10555648082527090        1.8245627040912756E-003   1.2820294111587396E-004   3.2574795951299435E-005   1.1758167966718824E-006   6.4042071525584711E-004   8.0321535597016783E-002   3.1907391159469167E-004
          88   2640.0000000000000        3.9276551292845800E-003  0.66391185504590033       0.10220857738160380        4.1127886581668931E-002  0.10555648001955589        1.8245626856885347E-003   1.2820294074184684E-004   3.2574795954606204E-005   1.1758167881416027E-006   6.4042071517784798E-004   8.0321534978427006E-002   3.1907390920863586E-004
          89   2670.0000000000000        3.9276550849309680E-003  0.66391185745056303       0.10220857641823647        4.1127886653840991E-002  0.10555647921712802        1.8245626480125055E-003   1.2820293905472385E-004   3.2574796375281845E-005   1.1758168054705176E-006   6.4042071621798992E-004   8.0321534348525764E-002   3.1907391030873606E-004
          90   2700.0000000000000        3.9276551084208916E-003  0.66391185850709677       0.10220857722121122        4.1127886642151924E-002  0.10555647815886406        1.8245626411508556E-003   1.2820293958100458E-004   3.2574796089012071E-005   1.1758167741116213E-006   6.4042071593953937E-004   8.0321533548256288E-002   3.1907390446439033E-004
          91   2730.0000000000000        3.9276551181490586E-003  0.66391186010487113       0.10220857764943010        4.1127886670685947E-002  0.10555647699998162        1.8245626243726532E-003   1.2820293967895412E-004   3.2574795896476400E-005   1.1758167493265557E-006   6.4042071538459591E-004   8.0321532665451889E-002   3.1907389934803670E-004
          92   2760.0000000000000        3.9276550258307641E-003  0.66391186388751777       0.10220857541673435        4.1127886836732908E-002  0.10555647613438467        1.8245625591585179E-003   1.2820293645274448E-004   3.2574796742848356E-005   1.1758167959201779E-006   6.4042071655816919E-004   8.0321531968805066E-002   3.1907390428624323E-004
          93   2790.0000000000000        3.9276549422218457E-003  0.66391186723516060       0.10220857344258023        4.1127886962996359E-002  0.10555647537954399        1.8245625016696258E-003   1.2820293347080624E-004   3.2574797560323228E-005   1.1758168397301880E-006   6.4042071827450720E-004   8.0321531360659171E-002   3.1907390902255234E-004
          94   2820.0000000000000        3.9276549962742463E-003  0.66391186755929954       0.10220857500793436        4.1127886919192606E-002  0.10555647429199998        1.8245625099241407E-003   1.2820293503599934E-004   3.2574796944109971E-005   1.1758167873650401E-006   6.4042071718504925E-004   8.0321530549117059E-002   3.1907390030563409E-004
          95   2850.0000000000000        3.9276549100198998E-003  0.66391187107759631       0.10220857292333511        4.1127887072768682E-002  0.10555647349215679        1.8245624492167875E-003   1.2820293201989624E-004   3.2574797738232003E-005   1.1758168311013884E-006   6.4042071831908395E-004   8.0321529905037631E-002   3.1907390496058104E-004
